n <- 20
alpha <- .05
mu0 <- 500
sigma <- 100

